name,train_p,train_s,train_l,test_p,test_s,test_l
_ours_100,0,0,0,21.04356575012207,0.7773678302764893,0.24705079197883606
_ours_100,0,0,0,19.916872024536133,0.7844239473342896,0.2361651211977005
_ours_700,0,0,0,20.421781539916992,0.7910195589065552,0.23229260742664337
_ours_100,0,0,0,21.0385799407959,0.7773234844207764,0.24723133444786072
_ours_50,0,0,0,7.166253089904785,0.3441410958766937,0.6934062242507935
_ours_0,0,0,0,17.440692901611328,0.6269241571426392,0.39102911949157715
_ours_0,0,0,0,20.953472137451172,0.7755394577980042,0.2484513372182846
_ours_0,0,0,0,18.53169059753418,0.7126215100288391,0.30358797311782837
_ours_50,0,0,0,19.371461868286133,0.7370002865791321,0.2848244905471802
_ours_50,0,0,0,19.371461868286133,0.7370002865791321,0.2848244905471802
_ours_50,0,0,0,19.371461868286133,0.7370002865791321,0.2848244905471802
